{
 "cells": [
  {
   "cell_type": "markdown",
   "metadata": {},
   "source": [
    "# Mini Project - IronKaggle - Version Delivered\n",
    "\n",
    "In this notebook, we load and clean the dataset, then explore different ML models to predict future sales."
   ]
  },
  {
   "cell_type": "markdown",
   "metadata": {},
   "source": [
    "## Imports"
   ]
  },
  {
   "cell_type": "code",
   "execution_count": 1,
   "metadata": {},
   "outputs": [],
   "source": [
    "import numpy as np\n",
    "import pandas as pd\n",
    "import seaborn as sns\n",
    "import plotly.express as px\n",
    "import plotly.graph_objects as go\n",
    "import matplotlib.pyplot as plt\n",
    "from scipy import stats\n",
    "%matplotlib inline"
   ]
  },
  {
   "cell_type": "markdown",
   "metadata": {},
   "source": [
    "## Import dataset"
   ]
  },
  {
   "cell_type": "code",
   "execution_count": 2,
   "metadata": {},
   "outputs": [
    {
     "name": "stdout",
     "output_type": "stream",
     "text": [
      "<class 'pandas.core.frame.DataFrame'>\n",
      "RangeIndex: 640840 entries, 0 to 640839\n",
      "Data columns (total 10 columns):\n",
      " #   Column               Non-Null Count   Dtype \n",
      "---  ------               --------------   ----- \n",
      " 0   Unnamed: 0           640840 non-null  int64 \n",
      " 1   store_ID             640840 non-null  int64 \n",
      " 2   day_of_week          640840 non-null  int64 \n",
      " 3   date                 640840 non-null  object\n",
      " 4   nb_customers_on_day  640840 non-null  int64 \n",
      " 5   open                 640840 non-null  int64 \n",
      " 6   promotion            640840 non-null  int64 \n",
      " 7   state_holiday        640840 non-null  object\n",
      " 8   school_holiday       640840 non-null  int64 \n",
      " 9   sales                640840 non-null  int64 \n",
      "dtypes: int64(8), object(2)\n",
      "memory usage: 48.9+ MB\n",
      "None\n"
     ]
    },
    {
     "data": {
      "text/html": [
       "<div>\n",
       "<style scoped>\n",
       "    .dataframe tbody tr th:only-of-type {\n",
       "        vertical-align: middle;\n",
       "    }\n",
       "\n",
       "    .dataframe tbody tr th {\n",
       "        vertical-align: top;\n",
       "    }\n",
       "\n",
       "    .dataframe thead th {\n",
       "        text-align: right;\n",
       "    }\n",
       "</style>\n",
       "<table border=\"1\" class=\"dataframe\">\n",
       "  <thead>\n",
       "    <tr style=\"text-align: right;\">\n",
       "      <th></th>\n",
       "      <th>Unnamed: 0</th>\n",
       "      <th>store_ID</th>\n",
       "      <th>day_of_week</th>\n",
       "      <th>date</th>\n",
       "      <th>nb_customers_on_day</th>\n",
       "      <th>open</th>\n",
       "      <th>promotion</th>\n",
       "      <th>state_holiday</th>\n",
       "      <th>school_holiday</th>\n",
       "      <th>sales</th>\n",
       "    </tr>\n",
       "  </thead>\n",
       "  <tbody>\n",
       "    <tr>\n",
       "      <th>0</th>\n",
       "      <td>425390</td>\n",
       "      <td>366</td>\n",
       "      <td>4</td>\n",
       "      <td>2013-04-18</td>\n",
       "      <td>517</td>\n",
       "      <td>1</td>\n",
       "      <td>0</td>\n",
       "      <td>0</td>\n",
       "      <td>0</td>\n",
       "      <td>4422</td>\n",
       "    </tr>\n",
       "    <tr>\n",
       "      <th>1</th>\n",
       "      <td>291687</td>\n",
       "      <td>394</td>\n",
       "      <td>6</td>\n",
       "      <td>2015-04-11</td>\n",
       "      <td>694</td>\n",
       "      <td>1</td>\n",
       "      <td>0</td>\n",
       "      <td>0</td>\n",
       "      <td>0</td>\n",
       "      <td>8297</td>\n",
       "    </tr>\n",
       "    <tr>\n",
       "      <th>2</th>\n",
       "      <td>411278</td>\n",
       "      <td>807</td>\n",
       "      <td>4</td>\n",
       "      <td>2013-08-29</td>\n",
       "      <td>970</td>\n",
       "      <td>1</td>\n",
       "      <td>1</td>\n",
       "      <td>0</td>\n",
       "      <td>0</td>\n",
       "      <td>9729</td>\n",
       "    </tr>\n",
       "    <tr>\n",
       "      <th>3</th>\n",
       "      <td>664714</td>\n",
       "      <td>802</td>\n",
       "      <td>2</td>\n",
       "      <td>2013-05-28</td>\n",
       "      <td>473</td>\n",
       "      <td>1</td>\n",
       "      <td>1</td>\n",
       "      <td>0</td>\n",
       "      <td>0</td>\n",
       "      <td>6513</td>\n",
       "    </tr>\n",
       "    <tr>\n",
       "      <th>4</th>\n",
       "      <td>540835</td>\n",
       "      <td>726</td>\n",
       "      <td>4</td>\n",
       "      <td>2013-10-10</td>\n",
       "      <td>1068</td>\n",
       "      <td>1</td>\n",
       "      <td>1</td>\n",
       "      <td>0</td>\n",
       "      <td>0</td>\n",
       "      <td>10882</td>\n",
       "    </tr>\n",
       "  </tbody>\n",
       "</table>\n",
       "</div>"
      ],
      "text/plain": [
       "   Unnamed: 0  store_ID  day_of_week        date  nb_customers_on_day  open  \\\n",
       "0      425390       366            4  2013-04-18                  517     1   \n",
       "1      291687       394            6  2015-04-11                  694     1   \n",
       "2      411278       807            4  2013-08-29                  970     1   \n",
       "3      664714       802            2  2013-05-28                  473     1   \n",
       "4      540835       726            4  2013-10-10                 1068     1   \n",
       "\n",
       "   promotion state_holiday  school_holiday  sales  \n",
       "0          0             0               0   4422  \n",
       "1          0             0               0   8297  \n",
       "2          1             0               0   9729  \n",
       "3          1             0               0   6513  \n",
       "4          1             0               0  10882  "
      ]
     },
     "execution_count": 2,
     "metadata": {},
     "output_type": "execute_result"
    }
   ],
   "source": [
    "# load dataset\n",
    "file_path = 'sales.csv'\n",
    "sales_data = pd.read_csv(file_path)\n",
    "print(sales_data.info())\n",
    "sales_data.head()"
   ]
  },
  {
   "cell_type": "markdown",
   "metadata": {},
   "source": [
    "## Data Cleaning"
   ]
  },
  {
   "cell_type": "code",
   "execution_count": 3,
   "metadata": {},
   "outputs": [
    {
     "name": "stdout",
     "output_type": "stream",
     "text": [
      "Unnamed: 0             0\n",
      "store_ID               0\n",
      "day_of_week            0\n",
      "date                   0\n",
      "nb_customers_on_day    0\n",
      "open                   0\n",
      "promotion              0\n",
      "state_holiday          0\n",
      "school_holiday         0\n",
      "sales                  0\n",
      "dtype: int64\n"
     ]
    }
   ],
   "source": [
    "# check for missing value\n",
    "sales_data_cleaned = sales_data.copy()\n",
    "print(sales_data_cleaned.isna().sum())"
   ]
  },
  {
   "cell_type": "code",
   "execution_count": 4,
   "metadata": {},
   "outputs": [
    {
     "name": "stdout",
     "output_type": "stream",
     "text": [
      "<class 'pandas.core.frame.DataFrame'>\n",
      "RangeIndex: 640840 entries, 0 to 640839\n",
      "Data columns (total 11 columns):\n",
      " #   Column               Non-Null Count   Dtype         \n",
      "---  ------               --------------   -----         \n",
      " 0   store_ID             640840 non-null  int64         \n",
      " 1   day_of_week          640840 non-null  int64         \n",
      " 2   date                 640840 non-null  datetime64[ns]\n",
      " 3   nb_customers_on_day  640840 non-null  int64         \n",
      " 4   open                 640840 non-null  int64         \n",
      " 5   promotion            640840 non-null  int64         \n",
      " 6   school_holiday       640840 non-null  int64         \n",
      " 7   sales                640840 non-null  int64         \n",
      " 8   state_holiday_a      640840 non-null  int32         \n",
      " 9   state_holiday_b      640840 non-null  int32         \n",
      " 10  state_holiday_c      640840 non-null  int32         \n",
      "dtypes: datetime64[ns](1), int32(3), int64(7)\n",
      "memory usage: 46.4 MB\n"
     ]
    }
   ],
   "source": [
    "# Convert 'date' column to datetime\n",
    "sales_data_cleaned['date'] = pd.to_datetime(sales_data_cleaned['date'])\n",
    "\n",
    "# One-hot encoding of 'state_holiday' and convert them to int32\n",
    "sales_data_cleaned = pd.get_dummies(sales_data_cleaned, columns=['state_holiday'], drop_first=True)\n",
    "boolean_columns = ['state_holiday_a', 'state_holiday_b', 'state_holiday_c']\n",
    "sales_data_cleaned[boolean_columns] = sales_data_cleaned[boolean_columns].astype(int)\n",
    "\n",
    "# Convert bool columns to int\n",
    "sales_data_cleaned = sales_data_cleaned.astype({col: 'int' for col in sales_data_cleaned.select_dtypes(include='bool').columns})\n",
    "\n",
    "# Drop 'Unnamed: 0' column\n",
    "sales_data_cleaned = sales_data_cleaned.drop(columns=['Unnamed: 0'])\n",
    "\n",
    "sales_data_cleaned.info()"
   ]
  },
  {
   "cell_type": "markdown",
   "metadata": {},
   "source": [
    "## Feature Engineering"
   ]
  },
  {
   "cell_type": "code",
   "execution_count": 5,
   "metadata": {},
   "outputs": [
    {
     "name": "stdout",
     "output_type": "stream",
     "text": [
      "<class 'pandas.core.frame.DataFrame'>\n",
      "RangeIndex: 640840 entries, 0 to 640839\n",
      "Data columns (total 14 columns):\n",
      " #   Column               Non-Null Count   Dtype\n",
      "---  ------               --------------   -----\n",
      " 0   store_ID             640840 non-null  int64\n",
      " 1   day_of_week          640840 non-null  int64\n",
      " 2   nb_customers_on_day  640840 non-null  int64\n",
      " 3   open                 640840 non-null  int64\n",
      " 4   promotion            640840 non-null  int64\n",
      " 5   school_holiday       640840 non-null  int64\n",
      " 6   sales                640840 non-null  int64\n",
      " 7   state_holiday_a      640840 non-null  int32\n",
      " 8   state_holiday_b      640840 non-null  int32\n",
      " 9   state_holiday_c      640840 non-null  int32\n",
      " 10  year                 640840 non-null  int32\n",
      " 11  month                640840 non-null  int32\n",
      " 12  day                  640840 non-null  int32\n",
      " 13  week_of_year         640840 non-null  int32\n",
      "dtypes: int32(7), int64(7)\n",
      "memory usage: 51.3 MB\n"
     ]
    }
   ],
   "source": [
    "# Extract additional features from the 'date' column as int32 and drop date column\n",
    "sales_data_cleaned['year'] = sales_data_cleaned['date'].dt.year.astype('int32')\n",
    "sales_data_cleaned['month'] = sales_data_cleaned['date'].dt.month.astype('int32')\n",
    "sales_data_cleaned['day'] = sales_data_cleaned['date'].dt.day.astype('int32')\n",
    "sales_data_cleaned['week_of_year'] = sales_data_cleaned['date'].dt.isocalendar().week.astype('int32')\n",
    "sales_data_cleaned.drop('date', axis=1, inplace=True)\n",
    "sales_data_cleaned.info()"
   ]
  },
  {
   "cell_type": "markdown",
   "metadata": {},
   "source": [
    "## Check dataset collinearity and balance"
   ]
  },
  {
   "cell_type": "code",
   "execution_count": 6,
   "metadata": {},
   "outputs": [
    {
     "data": {
      "application/vnd.plotly.v1+json": {
       "config": {
        "plotlyServerURL": "https://plot.ly"
       },
       "data": [
        {
         "colorscale": [
          [
           0,
           "#440154"
          ],
          [
           0.1111111111111111,
           "#482878"
          ],
          [
           0.2222222222222222,
           "#3e4989"
          ],
          [
           0.3333333333333333,
           "#31688e"
          ],
          [
           0.4444444444444444,
           "#26828e"
          ],
          [
           0.5555555555555556,
           "#1f9e89"
          ],
          [
           0.6666666666666666,
           "#35b779"
          ],
          [
           0.7777777777777778,
           "#6ece58"
          ],
          [
           0.8888888888888888,
           "#b5de2b"
          ],
          [
           1,
           "#fde725"
          ]
         ],
         "hoverinfo": "z",
         "text": [
          [
           1,
           0.0003291633848729127,
           0.02360454734540519,
           -0.0011075443554721149,
           -0.0003640084859382574,
           -0.0007060981494642325,
           0.004803764652278471,
           0.0010049447409924894,
           0.0000162779094468293,
           -0.0008657323538383395,
           -0.0001753910298722264,
           0.0009511055820128076,
           -0.0007727272947395762,
           0.000656976971929912
          ],
          [
           0.0003291633848729127,
           1,
           -0.3856162925861285,
           -0.5279470009477867,
           -0.39273580007762215,
           -0.20606860112200628,
           -0.46110729052222016,
           -0.041342878924140625,
           -0.040758946862837514,
           -0.0014381068979524233,
           0.0026598129351066424,
           -0.005718669155910324,
           0.004799671651803902,
           -0.005096496586275458
          ],
          [
           0.02360454734540519,
           -0.3856162925861285,
           1,
           0.6172641795676744,
           0.31585806357071855,
           0.0710848883886446,
           0.8948716808393514,
           -0.18214206471475203,
           -0.10349284781246215,
           -0.0835249572867471,
           -0.002611377760975847,
           0.03951630886701869,
           -0.004695467103848997,
           0.042752289660501354
          ],
          [
           -0.0011075443554721149,
           -0.5279470009477867,
           0.6172641795676744,
           1,
           0.29493632935695424,
           0.0852130535798449,
           0.6784632293441165,
           -0.30345912827062177,
           -0.17464431639016656,
           -0.13865056057393307,
           -0.0011398864076269375,
           -0.00010189541911816628,
           0.0333838882647343,
           0.00530121466801599
          ],
          [
           -0.0003640084859382574,
           -0.39273580007762215,
           0.31585806357071855,
           0.29493632935695424,
           1,
           0.06656504974087256,
           0.4518192361189675,
           -0.004240889672345017,
           0.019808888518128155,
           -0.050382052439110155,
           0.024529497291005915,
           -0.01209252791332167,
           -0.10756329194403323,
           0.000370361981134586
          ],
          [
           -0.0007060981494642325,
           -0.20606860112200628,
           0.0710848883886446,
           0.0852130535798449,
           0.06656504974087256,
           1,
           0.08448359483749895,
           0.030275066571483964,
           0.1587222669941493,
           0.13757014756560948,
           -0.037047759797609534,
           0.10281959476540636,
           0.030039548395547348,
           0.07031705738499365
          ],
          [
           0.004803764652278471,
           -0.46110729052222016,
           0.8948716808393514,
           0.6784632293441165,
           0.4518192361189675,
           0.08448359483749895,
           1,
           -0.2040335397132971,
           -0.11670495049644257,
           -0.09321516078149794,
           0.022519803646709545,
           0.049465119024869726,
           -0.01160740035114772,
           0.0537870715387482
          ],
          [
           0.0010049447409924894,
           -0.041342878924140625,
           -0.18214206471475203,
           -0.30345912827062177,
           -0.004240889672345017,
           0.030275066571483964,
           -0.2040335397132971,
           1,
           -0.011634354225815447,
           -0.009169280825518388,
           0.011760092556370753,
           -0.02634181399943276,
           -0.099582366933937,
           -0.031843468045018246
          ],
          [
           0.0000162779094468293,
           -0.040758946862837514,
           -0.10349284781246215,
           -0.17464431639016656,
           0.019808888518128155,
           0.1587222669941493,
           -0.11670495049644257,
           -0.011634354225815447,
           1,
           -0.005216787558486012,
           0.015857855409671818,
           -0.04930535046620738,
           -0.024307208381442853,
           -0.04950243198285822
          ],
          [
           -0.0008657323538383395,
           -0.0014381068979524233,
           -0.0835249572867471,
           -0.13865056057393307,
           -0.050382052439110155,
           0.13757014756560948,
           -0.09321516078149794,
           -0.009169280825518388,
           -0.005216787558486012,
           1,
           -0.030935791903906808,
           0.11862280948931557,
           0.07137963737649455,
           0.12610163356426188
          ],
          [
           -0.0001753910298722264,
           0.0026598129351066424,
           -0.002611377760975847,
           -0.0011398864076269375,
           0.024529497291005915,
           -0.037047759797609534,
           0.022519803646709545,
           0.011760092556370753,
           0.015857855409671818,
           -0.030935791903906808,
           1,
           -0.26906877925669204,
           -0.002091190977614748,
           -0.25633781917238146
          ],
          [
           0.0009511055820128076,
           -0.005718669155910324,
           0.03951630886701869,
           -0.00010189541911816628,
           -0.01209252791332167,
           0.10281959476540636,
           0.049465119024869726,
           -0.02634181399943276,
           -0.04930535046620738,
           0.11862280948931557,
           -0.26906877925669204,
           1,
           0.012480983455052063,
           0.9668679502378844
          ],
          [
           -0.0007727272947395762,
           0.004799671651803902,
           -0.004695467103848997,
           0.0333838882647343,
           -0.10756329194403323,
           0.030039548395547348,
           -0.01160740035114772,
           -0.099582366933937,
           -0.024307208381442853,
           0.07137963737649455,
           -0.002091190977614748,
           0.012480983455052063,
           1,
           0.06957766658602833
          ],
          [
           0.000656976971929912,
           -0.005096496586275458,
           0.042752289660501354,
           0.00530121466801599,
           0.000370361981134586,
           0.07031705738499365,
           0.0537870715387482,
           -0.031843468045018246,
           -0.04950243198285822,
           0.12610163356426188,
           -0.25633781917238146,
           0.9668679502378844,
           0.06957766658602833,
           1
          ]
         ],
         "texttemplate": "%{text:.2f}",
         "type": "heatmap",
         "x": [
          "store_ID",
          "day_of_week",
          "nb_customers_on_day",
          "open",
          "promotion",
          "school_holiday",
          "sales",
          "state_holiday_a",
          "state_holiday_b",
          "state_holiday_c",
          "year",
          "month",
          "day",
          "week_of_year"
         ],
         "y": [
          "store_ID",
          "day_of_week",
          "nb_customers_on_day",
          "open",
          "promotion",
          "school_holiday",
          "sales",
          "state_holiday_a",
          "state_holiday_b",
          "state_holiday_c",
          "year",
          "month",
          "day",
          "week_of_year"
         ],
         "z": [
          [
           null,
           null,
           null,
           null,
           null,
           null,
           null,
           null,
           null,
           null,
           null,
           null,
           null,
           null
          ],
          [
           0.0003291633848729127,
           null,
           null,
           null,
           null,
           null,
           null,
           null,
           null,
           null,
           null,
           null,
           null,
           null
          ],
          [
           0.02360454734540519,
           -0.3856162925861285,
           null,
           null,
           null,
           null,
           null,
           null,
           null,
           null,
           null,
           null,
           null,
           null
          ],
          [
           -0.0011075443554721149,
           -0.5279470009477867,
           0.6172641795676744,
           null,
           null,
           null,
           null,
           null,
           null,
           null,
           null,
           null,
           null,
           null
          ],
          [
           -0.0003640084859382574,
           -0.39273580007762215,
           0.31585806357071855,
           0.29493632935695424,
           null,
           null,
           null,
           null,
           null,
           null,
           null,
           null,
           null,
           null
          ],
          [
           -0.0007060981494642325,
           -0.20606860112200628,
           0.0710848883886446,
           0.0852130535798449,
           0.06656504974087256,
           null,
           null,
           null,
           null,
           null,
           null,
           null,
           null,
           null
          ],
          [
           0.004803764652278471,
           -0.46110729052222016,
           0.8948716808393514,
           0.6784632293441165,
           0.4518192361189675,
           0.08448359483749895,
           null,
           null,
           null,
           null,
           null,
           null,
           null,
           null
          ],
          [
           0.0010049447409924894,
           -0.041342878924140625,
           -0.18214206471475203,
           -0.30345912827062177,
           -0.004240889672345017,
           0.030275066571483964,
           -0.2040335397132971,
           null,
           null,
           null,
           null,
           null,
           null,
           null
          ],
          [
           0.0000162779094468293,
           -0.040758946862837514,
           -0.10349284781246215,
           -0.17464431639016656,
           0.019808888518128155,
           0.1587222669941493,
           -0.11670495049644257,
           -0.011634354225815447,
           null,
           null,
           null,
           null,
           null,
           null
          ],
          [
           -0.0008657323538383395,
           -0.0014381068979524233,
           -0.0835249572867471,
           -0.13865056057393307,
           -0.050382052439110155,
           0.13757014756560948,
           -0.09321516078149794,
           -0.009169280825518388,
           -0.005216787558486012,
           null,
           null,
           null,
           null,
           null
          ],
          [
           -0.0001753910298722264,
           0.0026598129351066424,
           -0.002611377760975847,
           -0.0011398864076269375,
           0.024529497291005915,
           -0.037047759797609534,
           0.022519803646709545,
           0.011760092556370753,
           0.015857855409671818,
           -0.030935791903906808,
           null,
           null,
           null,
           null
          ],
          [
           0.0009511055820128076,
           -0.005718669155910324,
           0.03951630886701869,
           -0.00010189541911816628,
           -0.01209252791332167,
           0.10281959476540636,
           0.049465119024869726,
           -0.02634181399943276,
           -0.04930535046620738,
           0.11862280948931557,
           -0.26906877925669204,
           null,
           null,
           null
          ],
          [
           -0.0007727272947395762,
           0.004799671651803902,
           -0.004695467103848997,
           0.0333838882647343,
           -0.10756329194403323,
           0.030039548395547348,
           -0.01160740035114772,
           -0.099582366933937,
           -0.024307208381442853,
           0.07137963737649455,
           -0.002091190977614748,
           0.012480983455052063,
           null,
           null
          ],
          [
           0.000656976971929912,
           -0.005096496586275458,
           0.042752289660501354,
           0.00530121466801599,
           0.000370361981134586,
           0.07031705738499365,
           0.0537870715387482,
           -0.031843468045018246,
           -0.04950243198285822,
           0.12610163356426188,
           -0.25633781917238146,
           0.9668679502378844,
           0.06957766658602833,
           null
          ]
         ]
        }
       ],
       "layout": {
        "autosize": false,
        "height": 800,
        "template": {
         "data": {
          "bar": [
           {
            "error_x": {
             "color": "#2a3f5f"
            },
            "error_y": {
             "color": "#2a3f5f"
            },
            "marker": {
             "line": {
              "color": "#E5ECF6",
              "width": 0.5
             },
             "pattern": {
              "fillmode": "overlay",
              "size": 10,
              "solidity": 0.2
             }
            },
            "type": "bar"
           }
          ],
          "barpolar": [
           {
            "marker": {
             "line": {
              "color": "#E5ECF6",
              "width": 0.5
             },
             "pattern": {
              "fillmode": "overlay",
              "size": 10,
              "solidity": 0.2
             }
            },
            "type": "barpolar"
           }
          ],
          "carpet": [
           {
            "aaxis": {
             "endlinecolor": "#2a3f5f",
             "gridcolor": "white",
             "linecolor": "white",
             "minorgridcolor": "white",
             "startlinecolor": "#2a3f5f"
            },
            "baxis": {
             "endlinecolor": "#2a3f5f",
             "gridcolor": "white",
             "linecolor": "white",
             "minorgridcolor": "white",
             "startlinecolor": "#2a3f5f"
            },
            "type": "carpet"
           }
          ],
          "choropleth": [
           {
            "colorbar": {
             "outlinewidth": 0,
             "ticks": ""
            },
            "type": "choropleth"
           }
          ],
          "contour": [
           {
            "colorbar": {
             "outlinewidth": 0,
             "ticks": ""
            },
            "colorscale": [
             [
              0,
              "#0d0887"
             ],
             [
              0.1111111111111111,
              "#46039f"
             ],
             [
              0.2222222222222222,
              "#7201a8"
             ],
             [
              0.3333333333333333,
              "#9c179e"
             ],
             [
              0.4444444444444444,
              "#bd3786"
             ],
             [
              0.5555555555555556,
              "#d8576b"
             ],
             [
              0.6666666666666666,
              "#ed7953"
             ],
             [
              0.7777777777777778,
              "#fb9f3a"
             ],
             [
              0.8888888888888888,
              "#fdca26"
             ],
             [
              1,
              "#f0f921"
             ]
            ],
            "type": "contour"
           }
          ],
          "contourcarpet": [
           {
            "colorbar": {
             "outlinewidth": 0,
             "ticks": ""
            },
            "type": "contourcarpet"
           }
          ],
          "heatmap": [
           {
            "colorbar": {
             "outlinewidth": 0,
             "ticks": ""
            },
            "colorscale": [
             [
              0,
              "#0d0887"
             ],
             [
              0.1111111111111111,
              "#46039f"
             ],
             [
              0.2222222222222222,
              "#7201a8"
             ],
             [
              0.3333333333333333,
              "#9c179e"
             ],
             [
              0.4444444444444444,
              "#bd3786"
             ],
             [
              0.5555555555555556,
              "#d8576b"
             ],
             [
              0.6666666666666666,
              "#ed7953"
             ],
             [
              0.7777777777777778,
              "#fb9f3a"
             ],
             [
              0.8888888888888888,
              "#fdca26"
             ],
             [
              1,
              "#f0f921"
             ]
            ],
            "type": "heatmap"
           }
          ],
          "heatmapgl": [
           {
            "colorbar": {
             "outlinewidth": 0,
             "ticks": ""
            },
            "colorscale": [
             [
              0,
              "#0d0887"
             ],
             [
              0.1111111111111111,
              "#46039f"
             ],
             [
              0.2222222222222222,
              "#7201a8"
             ],
             [
              0.3333333333333333,
              "#9c179e"
             ],
             [
              0.4444444444444444,
              "#bd3786"
             ],
             [
              0.5555555555555556,
              "#d8576b"
             ],
             [
              0.6666666666666666,
              "#ed7953"
             ],
             [
              0.7777777777777778,
              "#fb9f3a"
             ],
             [
              0.8888888888888888,
              "#fdca26"
             ],
             [
              1,
              "#f0f921"
             ]
            ],
            "type": "heatmapgl"
           }
          ],
          "histogram": [
           {
            "marker": {
             "pattern": {
              "fillmode": "overlay",
              "size": 10,
              "solidity": 0.2
             }
            },
            "type": "histogram"
           }
          ],
          "histogram2d": [
           {
            "colorbar": {
             "outlinewidth": 0,
             "ticks": ""
            },
            "colorscale": [
             [
              0,
              "#0d0887"
             ],
             [
              0.1111111111111111,
              "#46039f"
             ],
             [
              0.2222222222222222,
              "#7201a8"
             ],
             [
              0.3333333333333333,
              "#9c179e"
             ],
             [
              0.4444444444444444,
              "#bd3786"
             ],
             [
              0.5555555555555556,
              "#d8576b"
             ],
             [
              0.6666666666666666,
              "#ed7953"
             ],
             [
              0.7777777777777778,
              "#fb9f3a"
             ],
             [
              0.8888888888888888,
              "#fdca26"
             ],
             [
              1,
              "#f0f921"
             ]
            ],
            "type": "histogram2d"
           }
          ],
          "histogram2dcontour": [
           {
            "colorbar": {
             "outlinewidth": 0,
             "ticks": ""
            },
            "colorscale": [
             [
              0,
              "#0d0887"
             ],
             [
              0.1111111111111111,
              "#46039f"
             ],
             [
              0.2222222222222222,
              "#7201a8"
             ],
             [
              0.3333333333333333,
              "#9c179e"
             ],
             [
              0.4444444444444444,
              "#bd3786"
             ],
             [
              0.5555555555555556,
              "#d8576b"
             ],
             [
              0.6666666666666666,
              "#ed7953"
             ],
             [
              0.7777777777777778,
              "#fb9f3a"
             ],
             [
              0.8888888888888888,
              "#fdca26"
             ],
             [
              1,
              "#f0f921"
             ]
            ],
            "type": "histogram2dcontour"
           }
          ],
          "mesh3d": [
           {
            "colorbar": {
             "outlinewidth": 0,
             "ticks": ""
            },
            "type": "mesh3d"
           }
          ],
          "parcoords": [
           {
            "line": {
             "colorbar": {
              "outlinewidth": 0,
              "ticks": ""
             }
            },
            "type": "parcoords"
           }
          ],
          "pie": [
           {
            "automargin": true,
            "type": "pie"
           }
          ],
          "scatter": [
           {
            "fillpattern": {
             "fillmode": "overlay",
             "size": 10,
             "solidity": 0.2
            },
            "type": "scatter"
           }
          ],
          "scatter3d": [
           {
            "line": {
             "colorbar": {
              "outlinewidth": 0,
              "ticks": ""
             }
            },
            "marker": {
             "colorbar": {
              "outlinewidth": 0,
              "ticks": ""
             }
            },
            "type": "scatter3d"
           }
          ],
          "scattercarpet": [
           {
            "marker": {
             "colorbar": {
              "outlinewidth": 0,
              "ticks": ""
             }
            },
            "type": "scattercarpet"
           }
          ],
          "scattergeo": [
           {
            "marker": {
             "colorbar": {
              "outlinewidth": 0,
              "ticks": ""
             }
            },
            "type": "scattergeo"
           }
          ],
          "scattergl": [
           {
            "marker": {
             "colorbar": {
              "outlinewidth": 0,
              "ticks": ""
             }
            },
            "type": "scattergl"
           }
          ],
          "scattermapbox": [
           {
            "marker": {
             "colorbar": {
              "outlinewidth": 0,
              "ticks": ""
             }
            },
            "type": "scattermapbox"
           }
          ],
          "scatterpolar": [
           {
            "marker": {
             "colorbar": {
              "outlinewidth": 0,
              "ticks": ""
             }
            },
            "type": "scatterpolar"
           }
          ],
          "scatterpolargl": [
           {
            "marker": {
             "colorbar": {
              "outlinewidth": 0,
              "ticks": ""
             }
            },
            "type": "scatterpolargl"
           }
          ],
          "scatterternary": [
           {
            "marker": {
             "colorbar": {
              "outlinewidth": 0,
              "ticks": ""
             }
            },
            "type": "scatterternary"
           }
          ],
          "surface": [
           {
            "colorbar": {
             "outlinewidth": 0,
             "ticks": ""
            },
            "colorscale": [
             [
              0,
              "#0d0887"
             ],
             [
              0.1111111111111111,
              "#46039f"
             ],
             [
              0.2222222222222222,
              "#7201a8"
             ],
             [
              0.3333333333333333,
              "#9c179e"
             ],
             [
              0.4444444444444444,
              "#bd3786"
             ],
             [
              0.5555555555555556,
              "#d8576b"
             ],
             [
              0.6666666666666666,
              "#ed7953"
             ],
             [
              0.7777777777777778,
              "#fb9f3a"
             ],
             [
              0.8888888888888888,
              "#fdca26"
             ],
             [
              1,
              "#f0f921"
             ]
            ],
            "type": "surface"
           }
          ],
          "table": [
           {
            "cells": {
             "fill": {
              "color": "#EBF0F8"
             },
             "line": {
              "color": "white"
             }
            },
            "header": {
             "fill": {
              "color": "#C8D4E3"
             },
             "line": {
              "color": "white"
             }
            },
            "type": "table"
           }
          ]
         },
         "layout": {
          "annotationdefaults": {
           "arrowcolor": "#2a3f5f",
           "arrowhead": 0,
           "arrowwidth": 1
          },
          "autotypenumbers": "strict",
          "coloraxis": {
           "colorbar": {
            "outlinewidth": 0,
            "ticks": ""
           }
          },
          "colorscale": {
           "diverging": [
            [
             0,
             "#8e0152"
            ],
            [
             0.1,
             "#c51b7d"
            ],
            [
             0.2,
             "#de77ae"
            ],
            [
             0.3,
             "#f1b6da"
            ],
            [
             0.4,
             "#fde0ef"
            ],
            [
             0.5,
             "#f7f7f7"
            ],
            [
             0.6,
             "#e6f5d0"
            ],
            [
             0.7,
             "#b8e186"
            ],
            [
             0.8,
             "#7fbc41"
            ],
            [
             0.9,
             "#4d9221"
            ],
            [
             1,
             "#276419"
            ]
           ],
           "sequential": [
            [
             0,
             "#0d0887"
            ],
            [
             0.1111111111111111,
             "#46039f"
            ],
            [
             0.2222222222222222,
             "#7201a8"
            ],
            [
             0.3333333333333333,
             "#9c179e"
            ],
            [
             0.4444444444444444,
             "#bd3786"
            ],
            [
             0.5555555555555556,
             "#d8576b"
            ],
            [
             0.6666666666666666,
             "#ed7953"
            ],
            [
             0.7777777777777778,
             "#fb9f3a"
            ],
            [
             0.8888888888888888,
             "#fdca26"
            ],
            [
             1,
             "#f0f921"
            ]
           ],
           "sequentialminus": [
            [
             0,
             "#0d0887"
            ],
            [
             0.1111111111111111,
             "#46039f"
            ],
            [
             0.2222222222222222,
             "#7201a8"
            ],
            [
             0.3333333333333333,
             "#9c179e"
            ],
            [
             0.4444444444444444,
             "#bd3786"
            ],
            [
             0.5555555555555556,
             "#d8576b"
            ],
            [
             0.6666666666666666,
             "#ed7953"
            ],
            [
             0.7777777777777778,
             "#fb9f3a"
            ],
            [
             0.8888888888888888,
             "#fdca26"
            ],
            [
             1,
             "#f0f921"
            ]
           ]
          },
          "colorway": [
